.Random.seed <-
c(403L, 23L, 583241614L, -1434766410L, -1432366328L, -1651197375L, 
-424989872L, -33186520L, -1994492348L, -909123421L, 1723723741L, 
-155365900L, 718119332L, 1152976448L, -739090500L, 1010173957L, 
176562830L, 1341447911L, -431971738L, 1306878171L, 1385056264L, 
-378238260L, -561741847L, 1201012433L, -1922040660L, -956045273L, 
-2092019571L, 1106056923L, 1007114493L, 1704046702L, -154202651L, 
-1780559956L, -1137072027L, 820972287L, -1551163767L, -1684130539L, 
1774712151L, 2094479009L, -1254847147L, 1776341186L, 953834684L, 
-1367322874L, -1991430213L, 1660743814L, 1359262021L, 479171378L, 
1492968914L, 723038976L, 972650577L, -868073198L, 1188856885L, 
-2476590L, 448624157L, 1445706251L, -815739477L, -1224858657L, 
1397405758L, -1659872765L, -2007419071L, -1422558388L, -1390136104L, 
475782070L, -1547622462L, 641459392L, 1696808190L, -1811827986L, 
-905374715L, 1833672652L, 379371374L, -1658107296L, 1396245191L, 
-754254871L, 1081508613L, 2036692390L, 1632012988L, 1845280385L, 
-1655741972L, -239186686L, 578137402L, -213344773L, 29218085L, 
403156551L, 876403342L, -1510705222L, 257942536L, 234985216L, 
1218807533L, 1190703164L, 1021407161L, -749640367L, 431748633L, 
1508576501L, -850424079L, -523153530L, 2031157540L, 2047340286L, 
-1411971833L, 227680905L, -1523363953L, -1215160263L, -1010316159L, 
609944022L, 1666871668L, -1170461368L, -1014179614L, 149962228L, 
17526701L, 1423763743L, -2141483838L, 1554021440L, -177702750L, 
1547461612L, -1548045696L, -43414900L, 581425202L, -444242802L, 
1495549356L, -41770276L, -487410249L, 238398299L, 1546721637L, 
463672752L, 1924497597L, 1030172991L, -1879941988L, -1897075211L, 
-186411431L, 1362830691L, -1263504034L, -1903811597L, -1084870082L, 
-604739288L, 36909053L, 1258750296L, 1610691483L, -1450452549L, 
-957080379L, -808700184L, 2119804634L, -227784466L, -1959991817L, 
-351644961L, 310881591L, 79980807L, 104022538L, -401372074L, 
-1422559568L, 831902655L, -230693340L, -60316450L, -1850924450L, 
-1610344089L, -1019267922L, -2086071611L, -1343977665L, 251436108L, 
-663086984L, 785391468L, -161918478L, 1430105954L, -104412049L, 
196822806L, 1762298874L, 1566099051L, 7681678L, 823465285L, 1627776034L, 
-315358253L, 2061704618L, 1230163899L, -1665845511L, 797984548L, 
1737819775L, 517025422L, -458039646L, 1470071693L, 1844267070L, 
68857880L, 2013551875L, -1919044303L, 853299008L, 1454289184L, 
-1091013890L, 489058983L, -1716805948L, 1839840063L, 1700066977L, 
813689925L, -1658072254L, 1613721670L, 1296905426L, 1587888936L, 
1133235850L, -592451091L, 1138047028L, -2085600613L, 1506390155L, 
644771932L, -564094960L, 230857917L, -1432839388L, -865143783L, 
-1876230905L, -1503311943L, -2078468010L, -23666102L, -1428919829L, 
403559174L, 136861910L, -1830270997L, -2094860689L, -375065812L, 
-235663254L, 625351235L, -1761149708L, -1689171052L, -784216593L, 
-1584255884L, 1008200021L, -1811284319L, 395855076L, 1691682083L, 
-1983539918L, 2036449608L, 1372460127L, -1400455824L, 570789731L, 
1601227730L, 487858543L, 322593690L, -989892215L, 1585947462L, 
-1095094647L, 1260577086L, -762731787L, 1491146226L, -528555791L, 
1690901844L, -1936403887L, -288984026L, -636553586L, -1701225720L, 
1243067730L, 1157112532L, 926405606L, -1796372194L, -866984269L, 
1592462240L, 1996957200L, 1703222093L, 2128680565L, -86964271L, 
1050845050L, 2014724365L, -2137210403L, -995439876L, -157978291L, 
-1993542250L, -441345448L, 664648493L, 261497065L, 1099762096L, 
-611291942L, 1011084958L, -1912867354L, -118808055L, -116130352L, 
-1784355499L, -541709585L, -1907499118L, -855130348L, 714565261L, 
-154793707L, -1416502479L, -176400887L, -142238030L, -1673193936L, 
-2037312390L, -1781324982L, 1060228399L, 1089282468L, 907933758L, 
-1807146103L, 1237524584L, -964059220L, -1776628722L, 1148932714L, 
713889928L, 675822114L, -411418007L, 2085132244L, -53465126L, 
291733233L, 1366355221L, 600998696L, -483871134L, 1285938277L, 
-964862542L, 1059223132L, -1342374579L, -777742026L, 1042050202L, 
1074132363L, 1801256209L, 1612775096L, -986972197L, -290868536L, 
1899125803L, -1114286301L, 1653377208L, -2043138509L, 1637577685L, 
1231241540L, -1542835899L, 86045518L, 1570278693L, 1994861219L, 
-1998817313L, -1356822754L, 379571981L, 2136183623L, -2140786077L, 
-241490680L, 462960635L, 170832528L, -2115755692L, -824325294L, 
-1662666990L, -1379421476L, -1623694462L, -1400337694L, -1736224769L, 
-832809900L, 984788095L, -489903770L, 1662602362L, 1416742190L, 
1244056251L, 595634199L, -91954643L, -562798983L, -1043553777L, 
553127226L, 816985837L, -858945829L, -444282853L, 2146586605L, 
-1894281852L, -1019210368L, 1358863733L, 788206577L, 341349949L, 
-1219928613L, 848918543L, -1655874946L, 1700690111L, 107380307L, 
-448912832L, -1311263552L, 640992986L, -427624464L, 1940516141L, 
-443986280L, -1585596117L, 1884040171L, -1889568184L, -839800545L, 
-1716176334L, -203653435L, -347773589L, 1024123400L, 273837736L, 
-1039637297L, 1060682100L, -156266455L, 869498745L, 1050092874L, 
-1229409008L, 490250652L, 1137989512L, -1545325805L, 677124204L, 
-80547915L, 792336471L, 201026228L, 1257233334L, -851105147L, 
1003337448L, -771022914L, 599937379L, -437712793L, -1780232049L, 
54687743L, -1283992549L, -1846233639L, 29039466L, 445426862L, 
-1486330104L, -1193401219L, -1665256867L, 1043331200L, 1957771577L, 
-822566017L, 661048722L, -483782669L, -253546686L, -1204751134L, 
593310976L, 398928659L, -1607119401L, -466616716L, -422670105L, 
-1746626981L, 1626831500L, 1525771679L, 1266308791L, 914097097L, 
-729139502L, -814585853L, -619448997L, 787186845L, -1847686817L, 
1533902079L, 1130378498L, 1792282520L, 1379102285L, -443263229L, 
-961726179L, 27055377L, 729534289L, -200227786L, -1323760804L, 
1162636271L, -760420753L, -1213650660L, 372335034L, 1536526796L, 
1625577058L, 1241522947L, -1710944249L, 472841293L, -1431742974L, 
-1675764310L, 302399618L, 573612239L, 1878871542L, -1565763799L, 
1968980222L, -1301634869L, -141057008L, 1758427000L, -488369980L, 
-504864974L, 1653798476L, -1810800356L, 1688932957L, 2012763310L, 
774280719L, 1934313960L, 1497954792L, 1124020718L, 844819818L, 
801775633L, -798453277L, -722987759L, -1338877855L, -2146851330L, 
1674670445L, -810118903L, 668871503L, 137069L, 748908211L, 1259216836L, 
-1624714843L, 285007988L, -115309628L, -1653186643L, 107477456L, 
-307963978L, 1835029559L, 1666763010L, 1160579389L, -1192161679L, 
-965852329L, 3529560L, -1593350588L, 2023862081L, 2082874057L, 
-1617347869L, 1676889644L, -1123121010L, -622948503L, 6056260L, 
2025785575L, -1360947310L, -879573406L, 610804587L, 411300345L, 
-568005088L, 641405014L, -127390083L, -1768361002L, 376342225L, 
16324984L, 103486495L, -1475946038L, 462615323L, -1415535311L, 
-361616551L, -863654325L, 1832304939L, -1670540001L, -45981876L, 
1794792663L, 2087719354L, -750017202L, -1283032338L, 1164902855L, 
601342653L, 367960724L, -222081785L, -1665216082L, -1979938478L, 
1441800699L, 1299886422L, 575430251L, -786834480L, 1226201953L, 
232831821L, -1881885314L, 1542659857L, 287544220L, 1695556659L, 
-66576813L, -1417253218L, 60608207L, -1687648897L, -380519052L, 
883548929L, -1727249229L, -1163151185L, 195292359L, 1339458229L, 
-2078121030L, 214896342L, -914910531L, 487111393L, -1667801540L, 
178260338L, 123343400L, 906143850L, -1515273066L, 1752261850L, 
479248044L, -928619486L, 1207233594L, 375499938L, 2140693620L, 
953784680L, 1327531798L, 1464567637L, -204044420L, 1902424083L, 
-825060957L, -75598698L, -120699474L, -144834058L, -1818925455L, 
1911183491L, -1334439560L, 2053693473L, -545842062L, -777727426L, 
-739831564L, 651746530L, 1728157631L, -161604095L, -1846483904L, 
-543604328L, -988046520L, 1931285594L, -1932628967L, 27656095L, 
-467682536L, -817059263L, 14426801L, -1362843132L, -1461039407L, 
785236294L, 2070525043L, -301010951L, 1846621054L, -1296740506L, 
201085586L, 640734424L, 1630738199L, -1813625072L, -2107159953L, 
-464744638L, -1313588346L, 816888767L, -374647320L, 660345320L, 
